% matrix size was 20000 
 
bl_size = [ 
10 50 100 128 256 512 800 1024 ]; 
 
t_cpqr_ssd = [ 
8.65e+02 2.55e+02 1.71e+02 1.54e+02 1.39e+02 1.68e+02 2.20e+02 2.66e+02 ]; 
 
