% matrix size was 15000 
 
bl_size = [ 
50 100 128 256 512 800 1024 ]; 
 
t_cpqr_ssd = [ 
1.09e+02 7.53e+01 6.81e+01 6.42e+01 8.35e+01 1.12e+02 1.40e+02 ]; 
 
