% matrix size was 25000 
 
bl_size = [ 
50 100 128 200 225 256 275 300 512 800 1024 ]; 
 
t_cpqr_ssd = [ 
5.09e+02 3.31e+02 2.97e+02 2.59e+02 2.54e+02 2.57e+02 2.72e+02 2.57e+02 2.95e+02 3.73e+02 4.42e+02 ]; 
% matrix size was 25000 
 
bl_size = [ 
100 128 256 400 512 600 ]; 
 
t_cpqr_ssd = [ 
3.32e+02 2.95e+02 2.59e+02 2.80e+02 2.96e+02 3.22e+02 ]; 
 
