% matrix size was 70000 
 
bl_size = [ 
50 100 128 200 256 350 400 450 512 600 800 1024 ]; 
 
t_cpqr_ssd = [ 
2.11e+04 1.09e+04 8.74e+03 5.86e+03 4.88e+03 4.32e+03 4.49e+03 4.37e+03 4.30e+03 4.51e+03 4.78e+03 5.22e+03 ]; 
 
