% block size for randUTV was 128 
% q value for randUTV was 2 
% p value for randUTV was 0 
n_rutv_cpu = [ 
1000 2000 3000 4000 5000 6000 8000 10000 12000 15000 ]; 
 
t_dgeqrf_cpu = [ 
1.99e-02 1.40e-01 4.39e-01 1.01e+00 1.91e+00 3.25e+00 7.45e+00 1.42e+01 2.46e+01 4.65e+01 ]; 
 
t_dgesdd_cpu = [ 
1.37e-01 2.02e+00 7.44e+00 1.07e+01 1.88e+01 3.05e+01 6.97e+01 1.33e+02 2.34e+02 4.30e+02 ]; 
 
t_dgeqp3_cpu = [ 
4.44e-02 7.45e-01 2.86e+00 7.05e+00 1.39e+01 2.44e+01 5.92e+01 1.14e+02 1.98e+02 3.84e+02 ]; 
 
t_randutv_cpu = [ 
1.55e-01 7.96e-01 2.23e+00 4.77e+00 8.73e+00 1.44e+01 3.21e+01 6.07e+01 1.03e+02 1.96e+02 ]; 
 
t_dgemm_cpu = [ 
9.91e-03 1.20e-01 2.32e-01 5.47e-01 1.07e+00 1.87e+00 4.40e+00 8.56e+00 1.47e+01 2.86e+01 ]; 
 
