% block size for randUTV was 128 
% q value for randUTV was 2 
 
% p value for randUTV was 0 
 
n_rutv_gpu = [ 
500 1000 2000 3000 4000 5000 6000 8000 10000 12000 15000 ]; 
 
t_randutv_gpu = [ 
4.68e-02 1.11e-01 3.65e-01 7.98e-01 1.54e+00 2.52e+00 3.96e+00 8.09e+00 1.45e+01 2.35e+01 4.34e+01 ]; 
 
t_dgeqrf_gpu = [ 
7.49e-03 2.39e-02 9.55e-02 2.45e-01 3.96e-01 6.88e-01 1.06e+00 2.21e+00 3.99e+00 6.58e+00 1.20e+01 ]; 
 
t_dgesdd_gpu = [ 
6.03e-02 2.25e-01 1.02e+00 2.82e+00 5.71e+00 1.04e+01 1.70e+01 3.75e+01 7.00e+01 1.17e+02 2.20e+02 ]; 
 
t_dgeqp3_gpu = [ 
1.16e-06 1.33e-0 63.53e-01 8.98e-01 1.77e+00 3.29e+00 5.23e+00 1.13e+01 2.13e+01 3.59e+01 6.78e+01 ];
 
t_dgemm_gpu = [ 
3.58e-04 2.10e-03 1.46e-02 4.54e-02 1.08e-01 2.12e-01 3.60e-01 8.44e-01 1.66e+00 2.86e+00 5.58e+00 ]; 
 
