% each ROW corresponds to a value of n
b = [64 128 256 512];

profile_q0_n10k_gpu = [
1.414105e+00 4.124706e-01 2.615389e+00 4.241225e-01 1.974149e+00 1.209936e-01 6.998306e+00 ;
6.759125e-01 3.957422e-01 2.298078e+00 4.282595e-01 1.701382e+00 2.961383e-01 5.837722e+00 ;
6.512416e-01 3.860302e-01 2.171078e+00 4.394009e-01 1.616198e+00 7.507645e-01 6.074435e+00 ;
6.666383e-01 3.828876e-01 2.289934e+00 4.571032e-01 1.712948e+00 1.219894e+00 6.825091e+00 ];

profile_q2_n10k_gpu = [
5.156534e+00 4.118721e-01 2.610562e+00 4.214040e-01 1.973771e+00 1.179364e-01 1.072915e+01 ;
3.232251e+00 3.950367e-01 2.293815e+00 4.269428e-01 1.698950e+00 2.502211e-01 8.339358e+00 ;
3.112446e+00 3.867927e-01 2.167821e+00 4.396979e-01 1.613972e+00 7.511895e-01 8.531509e+00 ;
3.156742e+00 3.834501e-01 2.285736e+00 4.561858e-01 1.705713e+00 1.221028e+00 9.304551e+00 ];

profile_q0_n18k_gpu = [
7.235385e+00 1.251280e+00 1.403560e+01 1.299860e+00 1.040032e+01 2.281309e-01 3.456280e+01 ;
3.724393e+00 1.238418e+00 1.200512e+01 1.356730e+00 8.962143e+00 6.039670e-01 2.802201e+01 ;
3.653719e+00 1.195328e+00 1.145307e+01 1.375941e+00 8.505770e+00 1.402144e+00 2.777541e+01 ;
3.719026e+00 1.200208e+00 1.183496e+01 1.435371e+00 8.756043e+00 2.259498e+00 2.951960e+01 ];

profile_q2_n18k_gpu = [
2.830108e+01 1.281673e+00 1.404376e+01 1.326701e+00 1.039912e+01 2.276732e-01 5.569222e+01 ;
1.787414e+01 1.215410e+00 1.199470e+01 1.335728e+00 8.962067e+00 6.090170e-01 4.212228e+01 ;
1.751546e+01 1.203625e+00 1.145658e+01 1.386347e+00 8.514098e+00 1.415973e+00 4.168145e+01 ;
1.783353e+01 1.208563e+00 1.184687e+01 1.439137e+00 8.771304e+00 2.260518e+00 4.367446e+01 ];
