% q = 2; each ROW in profile_* corresponds to a value of n
n = [2000 3000 4000 5000 6000 8000 10000 12000 15000 16000 18000 20000];

profile_b128_q2_gpu = [ 
5.106923e-02 1.952889e-01 5.023978e-02 2.393256e-01 ; 
1.226757e-01 9.597072e-02 9.928194e-02 3.587778e-01 ;
2.546614e-01 1.565861e-01 1.622206e-01 4.801697e-01 ;
4.589998e-01 2.392085e-01 2.483745e-01 6.081138e-01 ;
7.479506e-01 3.240505e-01 3.448554e-01 7.345433e-01 ;
1.675966e+00 5.453931e-01 5.843976e-01 9.932045e-01 ;
3.198482e+00 8.549649e-01 9.194387e-01 1.259533e+00 ;
5.450245e+00 1.243640e+00 1.337367e+00 1.549071e+00 ;
1.047626e+01 1.951378e+00 2.105497e+00 1.946358e+00 ];

profile_b128_q0_gpu = [
1.866856e-02 1.814332e-01 4.030206e-02 5.090793e-02 ;
3.598478e-02 7.787680e-02 7.790823e-02 7.999206e-02 ;
6.431269e-02 1.266593e-01 1.279566e-01 1.018491e-01 ;
1.109602e-01 1.871020e-01 1.917520e-01 1.290264e-01 ;
1.706426e-01 2.540577e-01 2.640735e-01 1.553591e-01 ;
3.687155e-01 4.359783e-01 4.534076e-01 2.463444e-01 ;
6.905255e-01 6.555478e-01 6.874158e-01 2.628246e-01 ;
1.154907e+00 9.279241e-01 9.774137e-01 3.161091e-01 ;
2.250942e+00 1.448085e+00 1.529775e+00 4.018109e-01 ;
2.772229e+00 1.795197e+00 1.702768e+00 4.508623e-01 ;
3.776227e+00 2.123094e+00 2.110957e+00 5.102010e-01 ;
5.434968e+00 2.576430e+00 2.595128e+00 5.733742e-01 ];
