% each ROW corresponds to a value of n
n = [2000 3000 4000 5000 6000 8000 10000 12000 15000 18000]; 

profile_b256_q0_cpu = [
1.404422e-01 9.876234e-02 1.990891e-01 9.845669e-02 6.385199e-02 1.006263e-01 7.131955e-01 ;
2.964705e-01 2.126800e-01 5.246189e-01 2.151543e-01 2.172651e-01 1.559317e-01 1.651036e+00 ;
5.795591e-01 3.758051e-01 1.082749e+00 3.776360e-01 5.168525e-01 2.103975e-01 3.196370e+00 ;
9.859146e-01 5.958449e-01 1.924305e+00 5.982004e-01 9.883862e-01 2.742459e-01 5.452011e+00 ;
1.541277e+00 9.303407e-01 3.193896e+00 8.978118e-01 1.680890e+00 3.353667e-01 8.702952e+00 ;
3.176417e+00 1.838052e+00 6.978456e+00 1.786968e+00 3.838096e+00 4.708285e-01 1.831032e+01 ;
5.684375e+00 3.242743e+00 1.312369e+01 3.198755e+00 7.361875e+00 6.139472e-01 3.357145e+01 ;
9.103272e+00 5.123038e+00 2.190948e+01 5.080200e+00 1.242630e+01 7.527909e-01 5.489663e+01 ;
1.673214e+01 9.127896e+00 4.213421e+01 8.639504e+00 2.395589e+01 1.003812e+00 1.023752e+02 ;
2.751268e+01 1.407627e+01 7.113582e+01 1.340223e+01 4.087574e+01 1.256592e+00 1.693833e+02 ];

profile_b256_q2_cpu = [
2.734232e-01 9.946035e-02 1.996219e-01 9.983982e-02 6.379578e-02 1.021354e-01 8.503117e-01 ;
7.313146e-01 2.135233e-01 5.239290e-01 2.151191e-01 2.174369e-01 1.570240e-01 2.087464e+00 ;
1.600932e+00 3.799444e-01 1.087754e+00 3.799607e-01 5.152632e-01 2.157860e-01 4.232921e+00 ;
2.936004e+00 5.987681e-01 1.924280e+00 6.029538e-01 9.909460e-01 2.791490e-01 7.417143e+00 ;
4.870705e+00 9.307411e-01 3.190257e+00 9.011093e-01 1.685706e+00 3.423078e-01 1.204481e+01 ;
1.085724e+01 1.842934e+00 6.966643e+00 1.800790e+00 3.853649e+00 4.755803e-01 2.601832e+01 ;
2.058917e+01 3.278398e+00 1.317161e+01 3.222723e+00 7.411939e+00 6.223252e-01 4.864102e+01 ;
3.440283e+01 5.172339e+00 2.204748e+01 5.131288e+00 1.252611e+01 7.708044e-01 8.055152e+01 ;
6.533805e+01 9.145538e+00 4.212670e+01 8.699037e+00 2.396654e+01 1.021319e+00 1.510825e+02 ;
1.117825e+02 1.413830e+01 7.153149e+01 1.338758e+01 4.084216e+01 1.273247e+00 2.540847e+02 ];

profile_b128_q0_cpu = [
1.351306e-01 4.883669e-02 1.431042e-01 4.930570e-02 6.757332e-02 7.106723e-02 5.214713e-01 ;
2.886454e-01 1.133227e-01 4.177848e-01 1.143122e-01 2.340889e-01 1.069476e-01 1.290665e+00 ;
5.714971e-01 2.039273e-01 9.034442e-01 2.054259e-01 5.406730e-01 1.542224e-01 2.610434e+00 ;
9.858412e-01 3.309997e-01 1.655216e+00 3.249327e-01 1.027922e+00 2.029616e-01 4.578367e+00 ;
1.539968e+00 4.990301e-01 2.752585e+00 4.875954e-01 1.740697e+00 2.470738e-01 7.342862e+00 ;
3.211496e+00 9.361787e-01 6.133158e+00 9.628704e-01 3.994600e+00 3.479752e-01 1.573060e+01 ;
5.846119e+00 1.678888e+00 1.223990e+01 1.665671e+00 7.717739e+00 4.795965e-01 2.986025e+01 ;
9.591775e+00 2.532288e+00 2.054399e+01 2.520773e+00 1.320557e+01 5.848453e-01 4.931354e+01 ;
1.756861e+01 4.157112e+00 3.843478e+01 4.237147e+00 2.534050e+01 7.884433e-01 9.105624e+01 ;
2.932872e+01 6.245715e+00 6.647132e+01 6.482787e+00 4.351422e+01 9.893032e-01 1.537971e+02 ];

profile_b128_q2_cpu = [
2.683824e-01 4.876807e-02 1.433286e-01 4.935803e-02 6.819004e-02 7.307168e-02 6.576317e-01 ;
7.277198e-01 1.130172e-01 4.144815e-01 1.142278e-01 2.287602e-01 1.093709e-01 1.722800e+00 ;
1.604053e+00 2.047562e-01 9.054918e-01 2.059586e-01 5.414418e-01 1.573103e-01 3.650533e+00 ;
2.984576e+00 3.361511e-01 1.661373e+00 3.239194e-01 1.029895e+00 2.027606e-01 6.588733e+00 ;
4.931922e+00 5.141424e-01 2.784061e+00 4.912657e-01 1.753065e+00 2.512009e-01 1.080180e+01 ;
1.113287e+01 9.268052e-01 6.130872e+00 9.641964e-01 3.992688e+00 3.538929e-01 2.364632e+01 ;
2.137152e+01 1.694764e+00 1.220127e+01 1.656370e+00 7.708904e+00 4.892666e-01 4.535445e+01 ;
3.638612e+01 2.513535e+00 2.053557e+01 2.514218e+00 1.321382e+01 5.881095e-01 7.608763e+01 ;
6.949037e+01 4.158372e+00 3.849824e+01 4.259019e+00 2.529166e+01 7.926466e-01 1.430233e+02 ;
1.196927e+02 6.341109e+00 6.667477e+01 6.456910e+00 4.365137e+01 9.979590e-01 2.445829e+02 ];

profile_b64_q0_cpu = [
1.338054e-01 2.414967e-02 1.318277e-01 2.440322e-02 7.697280e-02 3.844017e-02 ;
2.991708e-01 5.643012e-02 4.122132e-01 5.722409e-02 2.644976e-01 6.159163e-02 ;
6.035041e-01 1.023589e-01 9.363111e-01 1.054047e-01 6.314589e-01 1.013612e-01 ;
1.054749e+00 1.604960e-01 1.741082e+00 1.638277e-01 1.199392e+00 1.349036e-01 ;
1.684931e+00 2.348885e-01 2.999419e+00 2.364999e-01 2.085916e+00 1.676947e-01 ;
3.543327e+00 4.259475e-01 6.860045e+00 4.252089e-01 4.798990e+00 2.420946e-01 ;
6.504541e+00 6.910820e-01 1.359069e+01 6.819086e-01 9.262315e+00 3.230516e-01 ;
1.072493e+01 1.012763e+00 2.317556e+01 1.005141e+00 1.588003e+01 4.152815e-01 ;
1.971782e+01 1.736759e+00 4.484362e+01 1.634035e+00 3.037615e+01 5.657175e-01 ;
3.315149e+01 2.788245e+00 7.738712e+01 2.544002e+00 5.274115e+01 7.382414e-01 ];

profile_b64_q2_cpu = [
2.748011e-01 2.421672e-02 1.352493e-01 2.454617e-02 7.899961e-02 3.917574e-02 ;
7.883046e-01 5.678559e-02 4.146651e-01 5.772692e-02 2.661342e-01 6.350670e-02 ;
1.773889e+00 1.024131e-01 9.417137e-01 1.057602e-01 6.338061e-01 1.049994e-01 ;
3.329084e+00 1.604495e-01 1.746650e+00 1.647989e-01 1.197607e+00 1.383796e-01 ;
5.628367e+00 2.348700e-01 2.994001e+00 2.367814e-01 2.090015e+00 1.706445e-01 ;
1.269993e+01 4.242860e-01 6.837046e+00 4.260234e-01 4.795532e+00 2.450545e-01 ;
2.458597e+01 6.896924e-01 1.357193e+01 6.853722e-01 9.239837e+00 3.281588e-01 ;
4.208774e+01 1.008985e+00 2.314246e+01 1.017563e+00 1.592570e+01 4.181844e-01 ;
8.039369e+01 1.829413e+00 4.523106e+01 1.655960e+00 3.037729e+01 5.702247e-01 ;
1.387848e+02 2.862357e+00 7.778794e+01 2.560754e+00 5.270285e+01 7.413538e-01 ];
