% q = 2; each ROW corresponds to a value of n
n = [2000 3000 4000 5000 6000 8000 10000 12000 15000 16000 18000 20000]; 

profile_b128_q2_cpu = [ 
2.691691e-01 4.883891e-02 5.038100e-02 7.466632e-02 ;
7.265093e-01 1.131265e-01 1.170847e-01 1.125221e-01 ;
1.603453e+00 2.039706e-01 2.096347e-01 1.575628e-01 ;
2.974294e+00 3.227439e-01 3.430486e-01 2.025863e-01 ;
4.923805e+00 5.069423e-01 5.151728e-01 2.579530e-01 ;
1.111933e+01 9.037984e-01 1.014635e+00 3.581174e-01 ;
2.148010e+01 1.677324e+00 1.721295e+00 4.660830e-01 ;
3.628065e+01 2.618587e+00 2.587438e+00 5.823176e-01 ;
6.990437e+01 4.132631e+00 4.307786e+00 7.814244e-01 ];

profile_b128_q0_cpu = [
1.378021e-01 4.897222e-02 5.028983e-02 7.197844e-02 ; 
2.891444e-01 1.131297e-01 1.164469e-01 1.079874e-01 ;
5.759339e-01 2.035337e-01 2.106873e-01 1.565849e-01 ;
9.857566e-01 3.408288e-01 3.398351e-01 2.000493e-01 ;
1.545810e+00 4.783268e-01 5.219194e-01 2.564552e-01 ;
3.211653e+00 8.618955e-01 1.003565e+00 3.528669e-01 ;
5.802296e+00 1.653961e+00 1.694532e+00 4.566132e-01 ;
9.496417e+00 2.496866e+00 2.547638e+00 5.777410e-01 ;
1.749621e+01 4.070002e+00 4.267713e+00 7.771618e-01 ;
1.952999e+01 4.749191e+00 4.741442e+00 8.493830e-01 ;
2.688900e+01 6.258272e+00 6.495040e+00 1.009934e+00 ;
3.630185e+01 8.051988e+00 8.194853e+00 1.122509e+00 ];
