% q = 2; each ROW in profile_* corresponds to a value of n
n = [2000 3000 4000 5000 6000 8000 10000 12000 15000 18000];

profile_b256_q0_gpu = [
1.529964e-01 2.722438e-02 3.925223e-02 2.664386e-02 3.015185e-02 1.427498e-01 4.219447e-01 ;
3.297211e-02 4.820520e-02 9.832745e-02 5.140036e-02 7.446892e-02 2.125862e-01 5.240981e-01 ;
5.940703e-02 7.670416e-02 1.954711e-01 8.327155e-02 1.442213e-01 2.857959e-01 8.551759e-01 ;
1.011712e-01 1.121561e-01 3.397742e-01 1.238121e-01 2.548231e-01 3.590367e-01 1.306589e+00 ;
1.599322e-01 1.549452e-01 5.431418e-01 1.714404e-01 3.992506e-01 4.333531e-01 1.884221e+00 ;
3.472026e-01 2.535847e-01 1.163002e+00 2.865688e-01 8.637539e-01 5.838802e-01 3.536509e+00 ;
6.541189e-01 3.838205e-01 2.164766e+00 4.376874e-01 1.606317e+00 7.365790e-01 6.042759e+00 ;
1.108274e+00 5.457835e-01 3.601065e+00 6.193854e-01 2.659231e+00 8.953626e-01 9.513776e+00 ;
2.147659e+00 8.475016e-01 6.763923e+00 9.747452e-01 5.084388e+00 1.144808e+00 1.709552e+01 ;
3.657808e+00 1.203539e+00 1.145186e+01 1.379632e+00 8.510206e+00 1.392879e+00 2.778546e+01 ];

profile_b256_q2_gpu = [
4.768822e-02 2.670936e-02 3.755749e-02 2.692198e-02 2.905956e-02 1.430450e-01 3.139031e-01 ;
1.155836e-01 4.863788e-02 9.435557e-02 5.098036e-02 7.285717e-02 2.129782e-01 6.015349e-01 ;
2.424292e-01 7.745747e-02 1.933895e-01 8.335929e-02 1.467721e-01 2.871094e-01 1.040934e+00 ;
4.424844e-01 1.133584e-01 3.393521e-01 1.239716e-01 2.586346e-01 3.617114e-01 1.655376e+00 ;
7.213976e-01 1.532036e-01 5.425048e-01 1.695839e-01 4.031861e-01 4.333249e-01 2.445299e+00 ;
1.624985e+00 2.553724e-01 1.164451e+00 2.863629e-01 8.695745e-01 5.875159e-01 4.826818e+00 ;
3.105789e+00 3.897998e-01 2.169327e+00 4.399350e-01 1.616682e+00 7.528439e-01 8.533906e+00 ;
5.296133e+00 5.465008e-01 3.601080e+00 6.200408e-01 2.662547e+00 8.961150e-01 1.370706e+01 ;
1.028077e+01 8.533632e-01 6.765039e+00 9.726571e-01 5.082284e+00 1.136576e+00 2.522313e+01 ;
1.752799e+01 1.194553e+00 1.143918e+01 1.374883e+00 8.503607e+00 1.377972e+00 4.160768e+01 ];

profile_b128_q0_gpu = [
1.536052e-01 2.742916e-02 4.276175e-02 2.639599e-02 2.959114e-02 5.552508e-02 3.377985e-01 ;
3.596726e-02 5.061570e-02 9.996514e-02 4.955545e-02 8.203610e-02 7.950843e-02 4.026797e-01 ;
6.278086e-02 7.918050e-02 2.063444e-01 8.046773e-02 1.510349e-01 1.009659e-01 6.888620e-01 ;
1.087484e-01 1.169867e-01 3.451492e-01 1.207193e-01 2.731555e-01 1.285808e-01 1.105518e+00 ;
1.682909e-01 1.565723e-01 5.788709e-01 1.646675e-01 4.205918e-01 1.544235e-01 1.659900e+00 ;
3.633100e-01 2.623168e-01 1.253279e+00 2.799338e-01 9.253377e-01 2.253945e-01 3.337490e+00 ;
6.757213e-01 3.930561e-01 2.299269e+00 4.275986e-01 1.699616e+00 2.598823e-01 5.797302e+00 ;
1.134111e+00 5.552804e-01 3.815571e+00 6.050540e-01 2.813381e+00 3.137113e-01 9.296534e+00 ;
2.214012e+00 8.678767e-01 7.045517e+00 9.558835e-01 5.475386e+00 3.972124e-01 1.704791e+01 ;
3.714476e+00 1.216760e+00 1.202607e+01 1.342490e+00 8.984944e+00 5.721019e-01 2.798827e+01 ];

profile_b128_q2_gpu = [
4.721450e-02 2.692860e-02 4.050778e-02 2.665919e-02 2.953134e-02 4.981281e-02 2.231536e-01 ;
1.295797e-01 5.006601e-02 9.495482e-02 4.962105e-02 7.747859e-02 7.521691e-02 4.819652e-01 ;
2.586971e-01 7.969625e-02 2.053906e-01 8.062318e-02 1.506074e-01 1.016328e-01 8.847597e-01 ;
4.772212e-01 1.164706e-01 3.426954e-01 1.210808e-01 2.723093e-01 1.363663e-01 1.478282e+00 ;
7.609116e-01 1.582633e-01 5.792589e-01 1.646606e-01 4.202919e-01 1.543499e-01 2.254161e+00 ;
1.703186e+00 2.665144e-01 1.237756e+00 2.796411e-01 9.131481e-01 2.082672e-01 4.636449e+00 ;
3.225258e+00 4.006647e-01 2.295293e+00 4.271631e-01 1.698903e+00 2.887484e-01 8.378221e+00 ;
5.451706e+00 5.665065e-01 3.811109e+00 6.097243e-01 2.812826e+00 3.140602e-01 1.362532e+01 ;
1.057309e+01 8.798436e-01 7.029657e+00 9.563151e-01 5.475451e+00 3.952999e-01 2.540186e+01 ;
1.789461e+01 1.230554e+00 1.200650e+01 1.347258e+00 8.967214e+00 4.782130e-01 4.205581e+01 ];

profile_b64_q0_gpu = [
1.610341e-01 3.100775e-02 4.748320e-02 2.916615e-02 3.742705e-02 2.196772e-02 ;
5.673031e-02 5.284777e-02 1.078790e-01 5.383220e-02 9.024031e-02 3.217830e-02 ;
1.060762e-01 8.536558e-02 2.380611e-01 8.346742e-02 1.704086e-01 4.374383e-02 ;
1.953619e-01 1.224212e-01 4.183450e-01 1.239629e-01 3.209982e-01 5.698485e-02 ;
3.067442e-01 1.643030e-01 6.467232e-01 1.661028e-01 4.995650e-01 6.948959e-02 ;
6.790112e-01 2.814293e-01 1.477386e+00 2.895008e-01 1.050589e+00 9.594211e-02 ;
1.276091e+00 4.089786e-01 2.614167e+00 4.209430e-01 1.971200e+00 1.214132e-01 ;
2.150725e+00 5.738887e-01 4.574729e+00 5.928523e-01 3.264016e+00 1.486877e-01 ;
4.223052e+00 8.936009e-01 8.086896e+00 9.261304e-01 6.653114e+00 1.877601e-01 ;
7.094493e+00 1.243558e+00 1.407624e+01 1.293808e+00 1.038602e+01 2.277577e-01 ];

profile_b64_q2_gpu = [
6.881387e-02 2.946465e-02 4.675092e-02 2.903067e-02 3.736686e-02 2.137999e-02 ;
1.933261e-01 5.376844e-02 1.076005e-01 5.318323e-02 9.050274e-02 3.306509e-02 ;
3.911149e-01 8.480139e-02 2.339735e-01 8.355849e-02 1.703807e-01 4.413802e-02 ;
7.606931e-01 1.230845e-01 4.163137e-01 1.221913e-01 3.214399e-01 5.700854e-02 ;
1.223684e+00 1.659771e-01 6.470478e-01 1.653924e-01 4.991048e-01 6.973707e-02 ;
2.699112e+00 2.748115e-01 1.477593e+00 2.786315e-01 1.048728e+00 9.601252e-02 ;
5.151937e+00 4.147856e-01 2.609359e+00 4.254619e-01 1.970933e+00 1.217775e-01 ;
8.627758e+00 5.815907e-01 4.572853e+00 5.983660e-01 3.266797e+00 1.490861e-01 ;
1.679228e+01 8.976702e-01 8.075421e+00 9.285733e-01 6.646916e+00 1.888285e-01 ;
2.827625e+01 1.251396e+00 1.401322e+01 1.297819e+00 1.038572e+01 2.305070e-01 ];


