% q = 2 
n = [2000 3000 4000 5000 6000 8000 10000 12000 15000]

profile_b128 = [4.775258e-02 2.389319e-01 8.871593e-02 5.740440e-02; 
1.316187e-01 2.366259e-01 2.154476e-01 9.304917e-02; 
2.616396e-01 4.676950e-01 4.078291e-01 1.256967e-01; 
4.848094e-01 7.670470e-01 6.927047e-01 1.621466e-01; 
7.711875e-01 1.265843e+00 1.100047e+00 2.044761e-01; 
1.727273e+00 2.702378e+00 2.362909e+00 3.291663e-01; 
3.280870e+00 4.884374e+00 4.275758e+00 3.854810e-01; 
5.529570e+00 8.074669e+00 7.060302e+00 4.935605e-01; 
1.073798e+01 1.475211e+01 1.316607e+01 6.518942e-01]; 

profile_b256 = [4.760341e-02 2.326299e-01 8.538500e-02 1.537297e-01; 
1.183886e-01 2.233560e-01 1.992939e-01 2.324173e-01 ;
2.454479e-01 4.275020e-01 3.786751e-01 3.171853e-01 ;
4.483939e-01 7.378502e-01 6.555492e-01 4.106608e-01 ;
7.364741e-01 1.165495e+00 1.028054e+00 5.032070e-01 ;
1.653379e+00 2.463569e+00 2.169236e+00 7.184218e-01 ;
3.153643e+00 4.546061e+00 3.991057e+00 9.416929e-01 ;
5.368934e+00 7.506954e+00 6.581505e+00 1.189608e+00 ;
1.044430e+01 1.406456e+01 1.238678e+01 1.609276e+00 ] ;

profile_b512 = [5.072669e-02 2.368284e-01 8.873990e-02 2.497070e-01; 
1.232786e-01 2.279067e-01 2.042716e-01 3.845514e-01 ;
2.546088e-01 4.448524e-01 3.939767e-01 5.262888e-01 ;
4.610039e-01 7.622884e-01 6.764553e-01 6.785029e-01 ;
7.502840e-01 1.193147e+00 1.055704e+00 8.353355e-01 ;
1.673717e+00 2.500609e+00 2.206710e+00 1.171180e+00 ;
3.196790e+00 4.601452e+00 4.051451e+00 1.528567e+00 ;
5.444358e+00 7.644747e+00 6.666171e+00 1.933722e+00 ;
1.047791e+01 1.423706e+01 1.245216e+01 2.591201e+00 ] ;
