% q = 2; each ROW corresponds to a value of n
n = [2000 3000 4000 5000 6000 8000 10000 12000 15000]; 

profile_b128_cpu = [2.676096e-01 2.838905e-01 2.108629e-01 9.403439e-02; 
7.236138e-01 8.217808e-01 6.420623e-01 1.575158e-01 ;
1.604431e+00 1.786043e+00 1.445274e+00 2.492654e-01 ;
3.003710e+00 3.277037e+00 2.694139e+00 3.560333e-01 ;
4.895937e+00 5.444882e+00 4.503110e+00 4.980446e-01 ;
1.102491e+01 1.210663e+01 1.018137e+01 7.868469e-01 ;
2.119441e+01 2.404931e+01 1.974535e+01 1.139272e+00 ;
3.691605e+01 4.162123e+01 3.424254e+01 1.636107e+00 ;
6.963622e+01 7.736547e+01 6.415401e+01 2.344200e+00 ] ;

profile_b256_cpu = [2.698929e-01 3.928920e-01 2.605832e-01 1.396637e-01; 
7.341774e-01 1.042661e+00 7.392896e-01 2.440907e-01 ;
1.595522e+00 2.157806e+00 1.606430e+00 3.753893e-01 ;
2.933689e+00 3.867090e+00 2.925992e+00 5.283826e-01 ;
4.876646e+00 6.266149e+00 4.821561e+00 7.012032e-01 ;
1.095360e+01 1.381620e+01 1.084422e+01 1.127594e+00 ;
2.063549e+01 2.636243e+01 2.059576e+01 1.643081e+00 ;
3.441213e+01 4.428223e+01 3.460328e+01 2.236544e+00 ;
6.587962e+01 8.286250e+01 6.539036e+01 3.315760e+00 ] ;

profile_b512_cpu = [3.045591e-01 6.917071e-01 3.594547e-01 2.832116e-01; 
7.507425e-01 1.547750e+00 9.709087e-01 4.908671e-01 ;
1.556969e+00 3.216728e+00 2.094976e+00 7.318090e-01 ;
2.832697e+00 5.732290e+00 3.780869e+00 1.009505e+00 ;
4.656329e+00 9.304610e+00 6.206206e+00 1.327121e+00 ;
1.032850e+01 1.997505e+01 1.358233e+01 2.051684e+00 ;
1.924634e+01 3.641058e+01 2.512310e+01 2.938909e+00 ;
3.213676e+01 5.980812e+01 4.156856e+01 3.982919e+00 ;
6.154661e+01 1.077129e+02 7.677830e+01 5.872014e+00 ] ;
