n_std = [ 
2000 3000 4000 5000 6000 8000 10000 12000 15000 ]; 
 
t_svd = [ 
9.65e-01 2.84e+00 5.53e+00 1.01e+01 1.66e+01 3.68e+01 6.86e+01 1.16e+02 2.21e+02 ]; 
 
t_cpqr = [ 
3.17e-01 8.06e-01 1.62e+00 3.00e+00 4.78e+00 1.04e+01 1.96e+01 3.31e+01 6.38e+01 ]; 

