% block size was 128 
 
% the ROWS of the matrix t_rutv_gpu correspond to the values of q in ascending order (i.e. 1st row is q=0) 
 
 n_rutv_gpu = [ 
1000 2000 3000 4000 5000 6000 8000 10000 12000 ]; 
 
t_rutv_gpu = [ 
5.53e-01 7.15e-01 1.34e+00 2.27e+00 3.45e+00 5.07e+00 9.47e+00 1.59e+01 2.47e+01 ; 
3.90e-01 8.07e-01 1.55e+00 2.68e+00 4.13e+00 6.06e+00 1.15e+01 1.95e+01 3.05e+01 ; 
4.19e-01 9.06e-01 1.77e+00 3.07e+00 4.77e+00 7.04e+00 1.35e+01 2.31e+01 3.63e+01 ; 
]; 
 
