n_std = [ 
1000 2000 3000 4000 5000 6000 8000 10000 12000 ]; 
 
t_svd = [ 
3.96e-01 9.02e-01 2.93e+00 5.13e+00 1.04e+01 1.69e+01 3.71e+01 6.82e+01 1.16e+02 ]; 
 
t_cpqr = [ 
8.74e-02 3.07e-01 7.80e-01 1.64e+00 3.42e+00 4.79e+00 1.03e+01 1.96e+01 3.38e+01 ]; 
 
