% block size was 128 
 
% the ROWS of the matrix t_rutv_gpu correspond to the values of q in ascending order (i.e. 1st row is q=0) 
 
 n_rutv_gpu = [ 
2000 3000 4000 5000 6000 8000 10000 12000 15000 ]; 
 
t_rutv_gpu_os = [ 
1.00e+00 1.29e+00 2.19e+00 3.29e+00 4.78e+00 8.86e+00 1.49e+01 2.30e+01 4.01e+01 ; 
7.79e-01 1.48e+00 2.52e+00 3.85e+00 5.64e+00 1.06e+01 1.80e+01 2.82e+01 4.99e+01 ; 
7.75e-01 1.53e+00 2.62e+00 4.06e+00 5.93e+00 1.13e+01 1.93e+01 3.04e+01 5.40e+01 ; 
1.10e+00 1.56e+00 2.71e+00 4.21e+00 6.24e+00 1.19e+01 2.06e+01 3.24e+01 5.80e+01 ; 
8.17e-01 1.61e+00 2.80e+00 4.39e+00 6.52e+00 1.26e+01 2.18e+01 3.46e+01 6.24e+01 ; 
]; 
 
% block size was 128 
 
% the ROWS of the matrix t_rutv_gpu correspond to the values of q in ascending order (i.e. 1st row is q=0) 
 
 n_rutv_gpu = [ 
2000 3000 4000 5000 6000 8000 10000 12000 15000 ]; 
 
t_rutv_gpu = [ 
7.17e-01 9.32e-01 1.72e+00 2.94e+00 4.65e+00 9.44e+00 1.67e+01 2.67e+01 4.77e+01 ; 
5.00e-01 1.09e+00 2.04e+00 3.41e+00 5.25e+00 1.09e+01 2.03e+01 3.16e+01 5.82e+01 ; 
]; 
 
% block size was 128 
 
% the ROWS of the matrix t_rutv_gpu correspond to the values of q in ascending order (i.e. 1st row is q=0) 
 
 n_rutv_gpu = [ 
2000 3000 4000 5000 6000 8000 10000 12000 15000 ]; 
 
t_rutv_gpu = [ 
9.90e-01 1.34e+00 2.31e+00 3.62e+00 5.30e+00 1.02e+01 1.77e+01 2.80e+01 5.03e+01 ; 
7.62e-01 1.51e+00 2.64e+00 4.19e+00 6.17e+00 1.20e+01 2.08e+01 3.32e+01 6.02e+01 ; 
]; 
 
