n_std = [ 
2000 3000 4000 5000 6000 8000 10000 12000 15000 ]; 
 
t_svd = [ 
9.60e-01 2.84e+00 5.53e+00 1.01e+01 1.66e+01 3.68e+01 6.86e+01 1.16e+02 2.21e+02 ]; 
 
t_cpqr = [ 
3.53e-01 8.98e-01 1.77e+00 3.29e+00 5.23e+00 1.13e+01 2.13e+01 3.59e+01 6.78e+01 ]; 
 
