% block size was 128 
 
% the ROWS of the matrix t_rutv_gpu correspond to the values of q in ascending order (i.e. 1st row is q=0) 
 
 n_rutv_gpu = [ 
2000 3000 4000 5000 6000 8000 10000 12000 15000 ]; 
 
t_rutv_gpu = [ 
6.45e-01 7.06e-01 1.36e+00 2.15e+00 3.34e+00 6.76e+00 1.18e+01 1.90e+01 3.43e+01 ; 
3.41e-01 7.48e-01 1.43e+00 2.33e+00 3.63e+00 7.37e+00 1.31e+01 2.12e+01 3.85e+01 ; 
3.40e-01 7.97e-01 1.53e+00 2.51e+00 3.93e+00 8.08e+00 1.44e+01 2.33e+01 4.27e+01 ; 
3.63e-01 8.43e-01 1.62e+00 2.70e+00 4.23e+00 8.72e+00 1.57e+01 2.55e+01 4.70e+01 ; 
3.86e-01 9.22e-01 1.73e+00 2.89e+00 4.53e+00 9.42e+00 1.69e+01 2.76e+01 5.10e+01 ; 
]; 
 
