% block size was 128 
 
% the ROWS of the matrix t_rutv_gpu correspond to the values of q in ascending order (i.e. 1st row is q=0) 
 
 n_rutv_gpu = [ 
1000 2000 3000 4000 5000 6000 8000 10000 12000 ]; 
 
t_rutv_gpu = [ 
3.75e-01 3.15e-01 6.54e-01 1.25e+00 2.02e+00 3.22e+00 6.58e+00 1.17e+01 1.92e+01 ; 
1.09e-01 3.60e-01 7.28e-01 1.37e+00 2.30e+00 3.47e+00 7.33e+00 1.30e+01 2.10e+01 ; 
1.07e-01 3.39e-01 7.51e-01 1.49e+00 2.47e+00 3.94e+00 8.16e+00 1.41e+01 2.35e+01 ; 
]; 
 
