% block size was 128 
 
% the ROWS of the matrix t_rutv_gpu correspond to the values of q in ascending order (i.e. 1st row is q=0) 
 
 n_rutv_gpu = [ 
2000 3000 4000 5000 6000 8000 10000 12000 15000 ]; 
 
t_rutv_gpu_os = [ 
1.00e+00 1.29e+00 2.19e+00 3.29e+00 4.78e+00 8.86e+00 1.49e+01 2.30e+01 4.01e+01 ; 
7.79e-01 1.48e+00 2.52e+00 3.85e+00 5.64e+00 1.06e+01 1.80e+01 2.82e+01 4.99e+01 ; 
7.75e-01 1.53e+00 2.62e+00 4.06e+00 5.93e+00 1.13e+01 1.93e+01 3.04e+01 5.40e+01 ; 
1.10e+00 1.56e+00 2.71e+00 4.21e+00 6.24e+00 1.19e+01 2.06e+01 3.24e+01 5.80e+01 ; 
8.17e-01 1.61e+00 2.80e+00 4.39e+00 6.52e+00 1.26e+01 2.18e+01 3.46e+01 6.24e+01 ; 
]; 
