% block size was 128 
 
% the ROWS of the matrix t_rutv_gpu correspond to the values of q in ascending order (i.e. 1st row is q=0) 
 
 n_rutv_gpu = [ 
2000 3000 4000 5000 6000 8000 10000 12000 15000 18000 ]; 
 
t_rutv_gpu = [ 
3.39e-01 7.00e-01 1.32e+00 2.13e+00 3.33e+00 6.68e+00 1.18e+01 1.90e+01 3.46e+01 5.76e+01; 
3.46e-01 7.46e-01 1.42e+00 2.32e+00 3.62e+00 7.35e+00 1.31e+01 2.11e+01 3.94e+01 6.47e+01; 
3.48e-01 7.99e-01 1.52e+00 2.50e+00 3.91e+00 8.02e+00 1.44e+01 2.33e+01 4.37e+01 7.20e+01; 
]; 
 
 
