% block size was 256; k = 256 
n_cpqr_ooc = [ 
1000 2000 4000 5000 8000 10000 15000 20000 30000 40000 45000 50000 70000 100000 110000 120000 150000 ]; 
 
t_cpqr_in = [ 
2.86e-02 6.13e-02 1.49e-01 2.14e-01 4.68e-01 6.92e-01 1.44e+00 2.44e+00 5.27e+00 9.10e+00 1.14e+01 ]; 
 
t_cpqr_ssd = [ 
6.21e-02 1.45e-01 4.02e-01 6.04e-01 1.32e+00 2.01e+00 3.97e+00 6.41e+00 1.35e+01 2.29e+01 2.85e+01 4.38e+01 6.84e+01 2.25e+02 2.71e+02 3.17e+02 5.17e+02 ]; 

t_cpqr_hdd = [ 
6.17e-02 1.45e-01 4.18e-01 5.93e-01 1.33e+00 2.05e+00 4.05e+00 6.71e+00 1.35e+01 2.91e+01 5.22e+01 7.10e+01 2.10e+02 1.52e+03 1.90e+03 2.31e+03 3.15e+03 ]; 

% block size was 250; k = 1000 
 
n_cpqr_ooc = [ 
1000 2000 4000 5000 8000 10000 15000 20000 30000 40000 45000 50000 70000 100000 110000 120000 150000 ]; 
 
t_cpqr_ssd = [ 
1.35e-01 4.34e-01 1.60e+00 2.48e+00 5.53e+00 8.40e+00 1.68e+01 3.04e+01 6.31e+01 9.85e+01 1.35e+02 1.56e+02 2.87e+02 8.68e+02 1.09e+03 1.29e+03 1.92e+03 ]; 
 
t_cpqr_hdd = [ 
1.27e-01 4.30e-01 1.81e+00 2.48e+00 5.96e+00 8.38e+00 1.82e+01 3.05e+01 7.72e+01 2.28e+02 3.72e+02 3.79e+02 1.41e+03 4.35e+03 5.46e+03 6.53e+03 1.08e+04 ]; 
 
t_cpqr_in = [ 
6.49e-02 1.72e-01 5.17e-01 7.65e-01 1.69e+00 2.55e+00 5.55e+00 9.23e+00 2.02e+01 3.54e+01 4.46e+01 3.50e-08 3.50e-08 3.80e-08 3.50e-08 3.50e-08 3.40e-08 ]; 
 
% block size was 250 
 
n_cpqr_ooc = [ 
150000 ]; 
 
t_cpqr_ssd = [ 
1.72e+03 ]; 
 
t_cpqr_hdd = [ 
1.13e+04 ]; 
 
t_cpqr_in = [ 
2.50e-08 ]; 
 
