% block size was 128 
 
n_cpqr_ooc = [ 
1000 2000 3000 4000 5000 6000 8000 10000 12000 15000 20000 25000 30000 35000 40000 45000 50000 70000 80000 ]; 
 
t_cpqr_ssd = [ 
8.20e-02 3.32e-01 8.58e-01 1.76e+00 3.16e+00 5.14e+00 1.09e+01 2.10e+01 3.54e+01 6.65e+01 1.53e+02 2.96e+02 5.02e+02 8.05e+02 1.23e+03 1.90e+03 2.66e+03 8.90e+03 1.36e+04 ]; 
 
t_cpqr_hdd = [ 
7.66e-02 3.43e-01 8.83e-01 1.81e+00 3.24e+00 5.28e+00 1.13e+01 2.13e+01 3.68e+01 9.45e+01 1.87e+02 3.49e+02 5.97e+02 9.79e+02 3.32e+03 2.13e+04 3.28e+04 2.58e+05 ]; 
 
t_cpqr_in = [ 
5.71e-02 2.33e-01 5.72e-01 1.14e+00 1.96e+00 3.11e+00 6.20e+00 1.16e+01 1.90e+01 3.52e+01 7.69e+01 ]; 
 
% block size was 64 
 
%n_cpqr_ooc = [ 
%1000 2000 3000 4000 5000 6000 8000 10000 12000 15000 20000 25000 30000 35000 40000 50000 60000 ]; 
 
%t_cpqr_ssd = [ 
%8.59e-02 4.13e-01 1.08e+00 2.21e+00 4.05e+00 6.53e+00 1.41e+01 2.78e+01 4.77e+01 9.23e+01 2.13e+02 4.30e+02 7.48e+02 1.24e+03 1.91e+03 4.91e+03 7.12e+03 ]; 
 
%t_cpqr_hdd = [ 
%8.46e-02 4.21e-01 1.11e+00 2.20e+00 3.98e+00 1.57e+01 3.61e+01 3.10e+01 6.14e+01 1.11e+02 2.49e+02 4.76e+02 8.21e+02 1.30e+03 ]; 
 
%t_cpqr_in = [ 
%3.98e-02 1.90e-01 5.12e-01 1.05e+00 1.87e+00 3.10e+00 6.30e+00 1.18e+01 1.98e+01 3.62e+01 8.12e+01 ]; 
 
% block size was 512; times with doubled reads 
 
n_cpqr_ooc = [ 
20000 50000 70000 ]; 
 
t_cpqr_ssd = [ 
1.74e+02 1.80e+03 4.47e+03 ]; 
 
% block size was 512; times with doubled computation of QR 
 
n_cpqr_ooc = [ 
20000 50000 70000 ]; 
 
t_cpqr_ssd = [ 
2.14e+02 2.03e+03 4.89e+03 ]; 
 
t_cpqr_hdd = [ 
3.50e-08 2.30e-08 2.40e-08 ]; 
 
t_cpqr_in = [ 
1.55e+02 3.30e-08 3.30e-08 ]; 
 
