% block size was 250 
 
 % physical pivoting was used; k = 500 
n_cpqr_ooc_pp = [ 
1000 8000 15000 30000 40000 50000 70000 100000 120000 150000 ]; 
 
t_cpqr_ssd_pp = [ 
1.01e-01 2.04e+00 6.22e+00 2.27e+01 3.82e+01 5.79e+01 1.21e+02 4.18e+02 6.17e+02 9.85e+02 ]; 
 
t_cpqr_hdd_pp = [ 
7.90e-02 2.02e+00 1.71e+01 2.91e+01 1.34e+02 2.15e+02 8.43e+02 2.74e+03 4.10e+03 6.77e+03 ]; 
 
 
% block size was 250 
 
 % no physical pivoting was used; k = 500 
n_cpqr_ooc = [ 
1000 8000 15000 30000 40000 50000 70000 100000 120000 150000 ]; 
 
t_cpqr_ssd = [ 
1.08e-01 2.11e+00 6.28e+00 2.25e+01 3.85e+01 5.78e+01 1.21e+02 4.31e+02 6.41e+02 1.01e+03 ]; 
 
t_cpqr_hdd = [ 
8.67e-02 2.14e+00 6.24e+00 2.56e+01 1.57e+02 2.54e+02 9.65e+02 3.38e+03 5.44e+03 8.83e+03 ]; 

t_cpqr_in = [ 
7.14e-02 1.53e+00 4.55e+00 1.51e+01 2.51e+01 ]; 
 
% block size was 250 
 
 % left lookking algorithm was used; k = 500 
n_cpqr_ooc_left = [ 
1000 8000 15000 30000 40000 50000 70000 100000 120000 150000 ]; 
 
t_cpqr_ssd_left = [ 
1.15e-01 2.22e+00 6.78e+00 2.38e+01 4.06e+01 6.14e+01 1.28e+02 2.66e+02 3.77e+02 5.86e+02 ]; 
 
t_cpqr_hdd_left = [ 
9.40e-02 2.21e+00 7.16e+00 2.38e+01 4.06e+01 6.12e+01 3.62e+02 8.59e+02 1.17e+03 1.58e+03 ]; 
 
