% block size was 250; k = 1000; no physical pivoting 
 
n_cpqr_ooc = [ 
1000 2000 4000 5000 8000 10000 15000 20000 30000 40000 45000 50000 70000 100000 110000 120000 150000 ]; 
 
t_cpqr_ssd = [ 
1.35e-01 4.34e-01 1.60e+00 2.48e+00 5.53e+00 8.40e+00 1.68e+01 3.04e+01 6.31e+01 9.85e+01 1.35e+02 1.56e+02 2.87e+02 8.68e+02 1.09e+03 1.29e+03 1.92e+03 ]; 
 
t_cpqr_hdd = [ 
1.27e-01 4.30e-01 1.81e+00 2.48e+00 5.96e+00 8.38e+00 1.82e+01 3.05e+01 7.72e+01 2.28e+02 3.72e+02 3.79e+02 1.41e+03 4.35e+03 5.46e+03 6.53e+03 1.08e+04 ]; 
 
t_cpqr_in = [ 
6.49e-02 1.72e-01 5.17e-01 7.65e-01 1.69e+00 2.55e+00 5.55e+00 9.23e+00 2.02e+01 3.54e+01 4.46e+01 ]; 

% block size was 250; k = 1000; 
 % physical pivoting was used
n_cpqr_ooc_pp = [ 
1000 2000 4000 5000 8000 10000 15000 20000 30000 40000 45000 50000 70000 100000 ]; 
 
t_cpqr_ssd_pp = [ 
1.26e-01 3.40e-01 1.02e+00 1.49e+00 3.57e+00 5.52e+00 1.13e+01 1.94e+01 4.13e+01 7.03e+01 8.95e+01 1.14e+02 2.14e+02 8.44e+02 ]; 
 
t_cpqr_hdd_pp = [ 
1.04e-01 3.24e-01 1.00e+00 1.50e+00 3.55e+00 5.49e+00 2.60e+01 2.79e+01 1.13e+02 2.11e+02 2.86e+02 4.56e+02 1.04e+03 3.65e+03 ]; 
 
t_cpqr_in_pp = [ 
5.38e-02 1.26e-01 3.34e-01 4.79e-01 1.03e+00 1.53e+00 3.03e+00 5.15e+00 1.10e+01 1.90e+01 2.38e+01 7.50e-08 4.40e-08 ]; 

% block size was 250 
 
 % left looking algorithm was used; k = 1000 
n_cpqr_ooc_left = [ 
1000 2000 4000 5000 8000 10000 15000 20000 30000 40000 45000 50000 70000 100000 110000 120000 150000 ]; 
 
t_cpqr_ssd_left = [ 
1.58e-01 4.52e-01 1.40e+00 2.05e+00 4.91e+00 7.47e+00 1.55e+01 2.67e+01 5.66e+01 9.81e+01 1.23e+02 1.50e+02 3.05e+02 6.23e+02 7.66e+02 8.99e+02 1.40e+03 ]; 
 
t_cpqr_hdd_left = [ 
1.37e-01 4.47e-01 1.39e+00 2.05e+00 4.91e+00 7.47e+00 1.59e+01 2.66e+01 5.66e+01 9.79e+01 1.23e+02 1.49e+02 5.51e+02 1.13e+03 1.37e+03 1.59e+03 2.55e+03 ]; 
 
t_cpqr_in_left = [ 
9.09e-02 2.70e-01 7.86e-01 1.17e+00 2.70e+00 4.14e+00 8.12e+00 1.35e+01 2.72e+01 4.54e+01 5.63e+01 4.60e-08 ]; 
 
