% block size was 128 
 
n_cpqr_ooc = [ 
1000 2000 3000 4000 5000 6000 8000 10000 12000 15000 20000 25000 30000 35000 40000 45000 50000 70000 80000 ]; 
 
t_cpqr_ssd = [ 
8.20e-02 3.32e-01 8.58e-01 1.76e+00 3.16e+00 5.14e+00 1.09e+01 2.10e+01 3.54e+01 6.65e+01 1.53e+02 2.96e+02 5.02e+02 8.05e+02 1.23e+03 1.90e+03 2.66e+03 8.90e+03 1.36e+04 ]; 
 
t_cpqr_hdd = [ 
8.52e-02 3.68e-01 9.47e-01 1.90e+00 3.39e+00 5.50e+00 1.17e+01 2.19e+01 3.79e+01 8.45e+01 1.78e+02 3.36e+02 5.60e+02 1.06e+03 4.45e+03 1.29e+04 ]; 
 
t_cpqr_in = [ 
5.71e-02 2.33e-01 5.72e-01 1.14e+00 1.96e+00 3.11e+00 6.20e+00 1.16e+01 1.90e+01 3.52e+01 7.69e+01 ]; 
 
% block size was 250 
 
 % physical pivoting was used 
n_cpqr_ooc_pp = [ 
1000 2000 4000 5000 8000 10000 15000 20000 30000 40000 45000 50000 70000 ]; 
 
t_cpqr_ssd_pp = [ 
1.34e-01 4.38e-01 2.15e+00 3.64e+00 1.24e+01 2.28e+01 6.75e+01 1.50e+02 4.70e+02 1.25e+03 1.99e+03 2.89e+03 9.28e+03 ]; 
 
t_cpqr_hdd_pp = [ 
1.06e-01 4.30e-01 2.13e+00 3.61e+00 1.62e+01 2.85e+01 9.27e+01 2.54e+02 1.14e+03 3.03e+03 5.74e+03 8.41e+03 2.87e+04 ]; 
 
t_cpqr_in_pp = [ 
5.51e-02 6.04e-01 1.15e+00 1.97e+00 6.66e+00 1.19e+01 3.61e+01 8.15e+01 2.58e+02 5.91e+02 8.32e+02 3.40e-08 ]; 

% block size was 250 
 
 % physical pivoting was used 
n_cpqr_ooc = [ 
1000 2000 4000 10000 20000 ]; 
 
t_cpqr_ssd = [ 
1.52e-01 5.94e-01 3.28e+00 3.29e+01 1.77e+02 ]; 
 
t_cpqr_hdd = [ 
1.28e-01 5.89e-01 3.24e+00 3.64e+01 3.11e+02 ]; 
 
t_cpqr_in = [ 
5.23e-02 7.78e-01 1.14e+00 1.21e+01 8.31e+01 ]; 
 
