% block size was 250; k = 1000; no physical pivoting 
 
n_cpqr_ooc = [ 
1000 8000 15000 30000 40000 50000 70000 100000 120000 150000 ]; 
 
t_cpqr_ssd = [ 
1.35e-01 5.53e+00 1.68e+01 6.31e+01 9.85e+01 1.56e+02 2.87e+02 8.68e+02 1.29e+03 1.92e+03 ]; 
 
t_cpqr_hdd = [ 
1.27e-01 5.96e+00 1.82e+01 7.72e+01 2.28e+02 3.79e+02 1.41e+03 4.35e+03 6.53e+03 1.08e+04 ]; 
 
t_cpqr_in = [ 
6.49e-02 1.69e+00 5.55e+00 2.02e+01 3.54e+01 4.46e+01 ]; 

% block size was 250; k = 1000; 
 % physical pivoting was used
n_cpqr_ooc_pp = [ 
1000 8000 15000 30000 40000 50000 70000 100000 120000 ]; 
 
t_cpqr_ssd_pp = [ 
1.26e-01 3.57e+00 1.13e+01 4.13e+01 7.03e+01 1.14e+02 2.14e+02 8.44e+02 1.18e+03 ]; 
 
t_cpqr_hdd_pp = [ 
1.04e-01 3.55e+00 2.60e+01 1.13e+02 2.11e+02 4.56e+02 1.04e+03 3.65e+03 6.39e+03 ]; 
 
% block size was 250 
 
 % left looking algorithm was used; k = 1000 
n_cpqr_ooc_left = [ 
1000 8000 15000 30000 40000 50000 70000 100000 120000 150000 ]; 
 
t_cpqr_ssd_left = [ 
1.58e-01 4.91e+00 1.55e+01 5.66e+01 9.81e+01 1.50e+02 3.05e+02 6.23e+02 8.99e+02 1.40e+03 ]; 
 
t_cpqr_hdd_left = [ 
1.37e-01 4.91e+00 1.59e+01 5.66e+01 9.79e+01 1.49e+02 5.51e+02 1.13e+03 1.59e+03 2.55e+03 ]; 
