% block size was 128 
 
n_cpqr_ooc = [ 
1000 2000 3000 4000 5000 6000 8000 10000 12000 15000 20000 25000 30000 35000 40000 45000 50000 70000 80000 ]; 
 
t_cpqr_ssd = [ 
8.20e-02 3.32e-01 8.58e-01 1.76e+00 3.16e+00 5.14e+00 1.09e+01 2.10e+01 3.54e+01 6.65e+01 1.53e+02 2.96e+02 5.02e+02 8.05e+02 1.23e+03 1.90e+03 2.66e+03 8.90e+03 1.36e+04 ]; 
 
 
t_cpqr_hdd = [ 
8.52e-02 3.68e-01 9.47e-01 1.90e+00 3.39e+00 5.50e+00 1.17e+01 2.19e+01 3.79e+01 8.45e+01 1.78e+02 3.36e+02 5.60e+02 1.06e+03 4.45e+03 1.29e+04 ]; 

t_cpqr_in = [ 
5.71e-02 2.33e-01 5.72e-01 1.14e+00 1.96e+00 3.11e+00 6.20e+00 1.16e+01 1.90e+01 3.52e+01 7.69e+01 ]; 
 
% the following are partial factorization times; restricted to computing less than 1000 columns 
% block size was 128 
 
%n_cpqr_ooc = [ 
%1000 2000 3000 4000 5000 6000 8000 10000 12000 15000 20000 25000 30000 35000 40000 50000 70000 100000 ]; 
 
%t_cpqr_ssd = [ 
%8.58e-02 2.94e-01 6.07e-01 1.04e+00 1.59e+00 2.24e+00 3.74e+00 6.05e+00 8.61e+00 1.29e+01 2.25e+01 3.43e+01 5.23e+01 6.80e+01 8.85e+01 1.48e+02 3.66e+02 1.37e+03 ]; 
 
%t_cpqr_hdd = [ 
%8.33e-02 2.98e-01 6.44e-01 1.05e+00 1.61e+00 2.61e+00 3.74e+00 5.87e+00 8.82e+00 1.31e+01 2.91e+01 4.68e+01 6.50e+01 2.91e+02 4.56e+02 7.56e+02 1.85e+03 7.04e+03 ]; 
 
%t_cpqr_in = [ 
%5.55e-02 1.91e-01 3.75e-01 6.02e-01 9.07e-01 1.26e+00 2.10e+00 3.25e+00 4.63e+00 6.78e+00 1.15e+01 1.73e+01 2.45e+01 ]; 
 
