% block size was 512

n_cpqr_ooc = [20000 50000 70000];

t_comm = [1.765705e+01 2.484270e+02 6.673539e+02];

t_flop = [1.533805e+02 1.499733e+03 3.599278e+03];

perc_comm = [10.32 14.21 15.64];

perc_flop = [89.68 85.79 84.36];

