% block size was 250; physical pivoting was done

n_cpqr_ooc = [ 1000 2000 4000 5000 8000 10000 15000 20000 30000 40000 45000 50000 70000 ];

t_read_ssd = [ 1.21e-02 4.97e-02 2.57e-01 4.34e-01 1.47e+00 2.68e+00 7.89e+00 1.88e+01 6.10e+01 1.58e+02 2.42e+02 3.53e+02 1.27e+03 ];

t_write_ssd = [ 4.53e-03 3.11e-02 2.47e-01 4.82e-01 1.80e+00 3.70e+00 1.22e+01 2.87e+01 1.00e+02 3.55e+02 6.57e+02 1.00e+03 4.15e+03 ];

t_flop_ssd = [ 9.9e-02 3.22e-01 1.55e+00 2.60e+00 8.82e+00 1.60e+01 4.67e+01 1.02e+02 3.06e+02 7.28e+02 1.08e+03 1.52e+03 3.83e+03 ];

t_read_hdd = [ 1.21e-02 4.74e-02 2.45e-01 4.20e-01 1.77e+00 5.07e+00 1.80e+01 3.33e+01 1.25e+02 2.77e+02 4.61e+02 6.51e+02 1.98e+03 ];

t_write_hdd = [ 4.09e-03 3.10e-02 2.50e-01 4.65e-01 4.19e+00 6.18e+00 2.26e+01 9.18e+01 5.50e+02 1.93e+03 4.23e+03 6.38e+03 2.35e+04 ];

t_flop_hdd = [ 7.69e-02 3.20e-01 1.55e+00 2.60e+00 9.88e+00 1.68e+00 5.12e+01 1.28e+02 4.55e+02 8.16e+02 1.04e+03 1.37e+03 3.21e+03 ];
