% Just before computing factorization.
G = [
1.436538e+00 -2.255812e+00 4.838636e-01 -3.470826e-01 ;
-3.008993e-01 -3.283728e-01 4.965657e-01 -4.313176e-01 ;
3.909816e-01 3.423107e-01 5.127500e-01 2.531915e-02 ;
-7.680295e-01 -9.075585e-01 1.127232e+00 1.163653e-01 ;
-1.962201e+00 2.167302e-01 -1.063550e+00 -4.756598e-01 ;
1.716444e-01 3.088255e-01 1.205885e+00 -7.640912e-02 ;
2.237630e+00 1.205531e+00 -1.355083e+00 1.673450e+00 ;
-1.412634e-01 3.843609e-01 -2.102238e+00 -1.658805e+00 ;
-7.983009e-01 -2.582088e-01 -5.484158e-01 -6.684840e-01 ;
-1.652115e-01 8.351609e-01 3.229977e-01 1.059520e+00 ;
-2.499013e-01 -5.108596e-01 -3.951252e-02 6.371390e-01 ;
-4.814961e-01 -5.301009e-01 -3.477802e+00 -1.522066e+00 ;
];
C = [
1.338801e+00 -1.061751e+00 -4.614736e+00 -7.509387e-01 ;
6.068637e-01 -1.078596e+00 -6.561995e+00 -1.955866e+00 ;
9.847977e-01 -8.346179e-01 -4.035818e+00 -7.275517e-01 ;
-7.473959e-01 -6.423860e-01 -5.569404e+00 -2.787290e+00 ;
-1.236610e+00 -6.164650e-01 -7.690100e+00 -3.685358e+00 ;
-8.411415e-01 -4.680573e-01 -4.935547e+00 -2.518915e+00 ;
8.231891e-01 -1.203210e+00 -6.507240e+00 -1.896551e+00 ;
-1.021901e+00 -1.148226e+00 -1.006166e+01 -4.581537e+00 ;
3.611268e-01 -6.602926e-01 -3.768007e+00 -1.136311e+00 ;
1.392124e+00 -9.157886e-01 -3.435825e+00 -2.515110e-01 ;
1.686941e+00 -8.551938e-01 -2.072770e+00 4.261209e-01 ;
-1.420867e+00 -7.706369e-01 -7.955189e+00 -4.147636e+00 ;
];
C = [
9.709993e-01 -2.548131e+00 -7.819553e+00 -1.257753e+00 ;
-1.478939e+00 -3.645946e+00 -1.020645e+01 -3.250419e+00 ;
6.451237e-01 -2.125724e+00 -6.826167e+00 -1.628896e+00 ;
-3.551833e+00 -4.000967e+00 -1.126418e+01 -6.084693e+00 ;
-3.200931e+00 -3.313233e+00 -1.199621e+01 -4.792363e+00 ;
-1.003091e+00 -1.708472e+00 -7.712865e+00 -3.404590e+00 ;
1.004567e+00 -2.483755e+00 -1.019956e+01 -2.305719e+00 ;
-1.498253e+00 -2.678055e+00 -1.467644e+01 -7.031179e+00 ;
-9.993144e-01 -2.474015e+00 -7.651482e+00 -2.764084e+00 ;
1.606127e+00 -1.519885e+00 -5.056619e+00 1.065593e+00 ;
-9.443250e-01 -3.756306e+00 -7.159404e+00 -2.437660e-01 ;
-3.523883e+00 -3.010129e+00 -1.118710e+01 -5.917033e+00 ;
];
C = [
1.612511e+00 -4.577444e+00 -1.250973e+01 -7.762837e-01 ;
-1.198597e+00 -4.543613e+00 -1.230829e+01 -3.085980e+00 ;
-6.031525e-01 -3.491428e+00 -1.011643e+01 -1.512044e+00 ;
-4.602409e+00 -5.563327e+00 -1.534148e+01 -5.834492e+00 ;
-4.996040e+00 -4.976132e+00 -1.574691e+01 -4.961397e+00 ;
-1.027746e+00 -2.463161e+00 -9.828408e+00 -3.167654e+00 ;
1.796431e+00 -4.321697e+00 -1.507200e+01 -1.640084e+00 ;
-1.719068e+00 -3.423547e+00 -1.682073e+01 -6.871804e+00 ;
-6.724948e-01 -4.329109e+00 -1.224719e+01 -2.283157e+00 ;
1.783006e+00 -3.994407e+00 -1.174284e+01 1.741189e+00 ;
-1.911771e+00 -5.277585e+00 -1.210844e+01 1.767989e-01 ;
-3.594686e+00 -4.335711e+00 -1.515714e+01 -5.451243e+00 ;
];
Y = [
1.612511e+00 -4.577444e+00 -1.250973e+01 -7.762837e-01 ;
-1.198597e+00 -4.543613e+00 -1.230829e+01 -3.085980e+00 ;
-6.031525e-01 -3.491428e+00 -1.011643e+01 -1.512044e+00 ;
-4.602409e+00 -5.563327e+00 -1.534148e+01 -5.834492e+00 ;
-4.996040e+00 -4.976132e+00 -1.574691e+01 -4.961397e+00 ;
-1.027746e+00 -2.463161e+00 -9.828408e+00 -3.167654e+00 ;
1.796431e+00 -4.321697e+00 -1.507200e+01 -1.640084e+00 ;
-1.719068e+00 -3.423547e+00 -1.682073e+01 -6.871804e+00 ;
-6.724948e-01 -4.329109e+00 -1.224719e+01 -2.283157e+00 ;
1.783006e+00 -3.994407e+00 -1.174284e+01 1.741189e+00 ;
-1.911771e+00 -5.277585e+00 -1.210844e+01 1.767989e-01 ;
-3.594686e+00 -4.335711e+00 -1.515714e+01 -5.451243e+00 ;
];
A = [
5.658107e-01 9.767909e-01 2.234422e-01 2.458365e-01 3.210570e-01 6.721158e-01 6.159307e-01 2.108278e-01 8.110610e-01 2.699942e-01 9.583002e-01 1.630203e-01 ;
6.109299e-01 9.780583e-01 2.144171e-01 6.618976e-01 8.889882e-01 5.188587e-01 4.530606e-01 1.114251e-01 5.215884e-01 8.279533e-02 3.385267e-01 2.609561e-02 ;
5.057681e-01 8.738890e-01 1.198589e-02 3.858843e-01 2.567804e-01 6.624928e-01 3.347404e-01 1.960540e-01 8.545828e-02 3.213655e-01 5.871716e-01 8.441104e-01 ;
1.796469e-01 5.307681e-02 8.683906e-01 2.711707e-01 9.845709e-01 8.191577e-01 4.114942e-02 6.439358e-01 2.126961e-01 5.017478e-01 6.354748e-01 7.997701e-01 ;
8.166863e-01 2.689885e-01 3.317871e-01 9.781572e-01 8.704291e-01 5.812236e-01 6.817794e-01 2.474289e-01 6.903586e-01 7.493234e-02 4.098502e-01 9.533244e-01 ;
1.834717e-01 9.233823e-02 5.361120e-01 4.471605e-01 2.186908e-01 7.397375e-01 3.427654e-01 1.583158e-01 1.836891e-01 3.087727e-01 3.258741e-01 1.915491e-01 ;
5.846530e-01 8.809632e-01 5.565968e-01 3.548297e-01 1.240179e-01 7.828859e-01 7.353566e-01 4.088307e-01 5.924884e-01 6.039304e-01 8.938729e-01 1.182992e-01 ;
4.221561e-01 5.625732e-01 8.975978e-01 9.549481e-01 9.387133e-02 8.270601e-01 2.836355e-03 9.195448e-01 3.062893e-01 2.857602e-01 2.209112e-01 2.233186e-01 ;
2.533418e-02 6.635139e-01 1.470419e-01 4.252188e-01 4.331079e-01 4.016351e-01 2.317536e-01 6.771745e-01 6.367498e-01 4.201979e-01 8.474625e-01 2.743444e-01 ;
3.162596e-01 9.814409e-01 6.236489e-02 2.287188e-01 1.360038e-01 1.687702e-01 9.921370e-01 7.132353e-02 9.272288e-01 7.999844e-01 9.793312e-01 4.396647e-01 ;
6.127619e-02 9.619104e-01 7.724467e-02 8.024953e-03 9.622619e-01 9.823087e-02 9.874072e-01 7.387025e-01 3.474387e-01 9.296959e-01 4.336073e-01 7.250664e-01 ;
8.365902e-02 1.394470e-01 9.637282e-01 6.942072e-01 7.648950e-01 3.797923e-01 1.021826e-01 2.583981e-01 3.185291e-01 6.676268e-01 5.378211e-01 3.492767e-01 ;
];
C = [
3.717100e-01 1.381452e-01 2.440589e-01 4.938764e-01 ;
4.284105e-01 -5.172820e-03 6.737241e-02 1.748640e-01 ;
1.505387e-01 -3.977982e-02 5.350123e-02 1.076322e-01 ;
-4.083084e-01 6.936889e-02 -3.144080e-01 -2.137791e-01 ;
-5.536598e-01 -4.391671e-02 -3.980442e-01 -5.282183e-01 ;
-1.160933e-01 -8.163963e-02 1.056018e-02 -1.868269e-01 ;
-7.608942e-01 -4.188375e-01 -2.776065e-01 -1.188687e+00 ;
-3.312482e-01 -9.319159e-02 5.232622e-02 -4.571707e-01 ;
];
C = [
1.333557e+00 1.693772e+00 3.068475e+00 -4.702485e-01 ;
4.418985e-01 -1.051569e-01 -1.082338e-01 2.128402e-01 ;
-1.986543e-01 -7.042877e-01 -1.182181e+00 5.557349e-01 ;
5.452943e-02 3.656480e-01 8.912746e-02 -2.824319e-01 ;
-8.560929e-01 -3.100613e-01 -8.890661e-01 -2.979300e-01 ;
-8.338212e-01 -9.038560e-01 -1.366040e+00 1.976938e-01 ;
-9.861837e-01 -7.901198e-01 -5.669537e-01 -1.589606e+00 ;
-4.908081e-01 -3.270481e-01 -1.439271e-01 -6.557614e-01 ;
];
C = [
-1.436688e-01 1.466327e-01 4.479015e-02 1.505101e-01 ;
2.916531e-02 -3.606312e-02 -1.161871e-02 -3.317320e-02 ;
2.687841e-01 6.231812e-02 -3.441262e-02 -2.492427e-01 ;
-2.390678e-01 -6.314077e-02 3.003213e-02 2.147845e-01 ;
];
% tt_build_y:     4.092323e-02
% tt_qr1:         8.285110e-04
%     tt_qr1_fact:    1.595980e-04
%     tt_qr1_updt_a:  6.689130e-04
%     tt_qr1_updt_v:  0.000000e+00
% tt_qr2:         1.266970e-04
%     tt_qr2_fact:    5.903100e-05
%     tt_qr2_updt_a:  6.766600e-05
%     tt_qr2_updt_u:  0.000000e+00
% tt_svd:         4.184680e-04
%     tt_svd_fact:    2.523840e-04
%     tt_svd_updt_a:  1.660840e-04
%     tt_svd_updt_uv: 0.000000e+00
% total_time:     4.229690e-02
% Just after computing factorization.  Y_true = [ 1.612511e+00 -4.577444e+00 -1.250973e+01 -7.762837e-01 -1.198597e+00 -4.543613e+00 -1.230829e+01 -3.085980e+00 
-6.031525e-01 -3.491428e+00 -1.011643e+01 -1.512044e+00 
-4.602409e+00 -5.563327e+00 -1.534148e+01 -5.834492e+00 
-4.996040e+00 -4.976132e+00 -1.574691e+01 -4.961397e+00 
-1.027746e+00 -2.463161e+00 -9.828408e+00 -3.167654e+00 
1.796431e+00 -4.321697e+00 -1.507200e+01 -1.640084e+00 
-1.719068e+00 -3.423547e+00 -1.682073e+01 -6.871804e+00 
-6.724948e-01 -4.329109e+00 -1.224719e+01 -2.283157e+00 
1.783006e+00 -3.994407e+00 -1.174284e+01 1.741189e+00 
-1.911771e+00 -5.277585e+00 -1.210844e+01 1.767989e-01 
-3.594686e+00 -4.335711e+00 -1.515714e+01 -5.451243e+00 
];
1.010580e-04 4.024900e-05 6.062600e-05 3.014500e-05 1.377400e-05 1.347300e-04 3.925720e-04 
% Just after computing factorization.
Success! in-core and out-of-core versions give the same result 
% End of Program
