ai = [
5.6581073234128332e-01 8.7388900335593567e-01 3.3178706110072653e-01 3.5482974972335146e-01 4.3310792810893989e-01 9.8230870020683328e-02 2.1082783127707794e-01 8.5458276833155322e-02 7.4932337773466640e-02 8.9387290593882696e-01 2.7434438992028332e-01 7.2275616634765460e-01 
6.1092991782861295e-01 5.3076809762547167e-02 5.3611200607200715e-01 9.5494814401257233e-01 1.3600379840284763e-01 3.7979230302376316e-01 1.1142514977204854e-01 2.1269606063733626e-01 3.0877273963241497e-01 2.2091118955095820e-01 4.3966472914426807e-01 3.1310971095837176e-01 
5.0576807861484963e-01 2.6898846042761043e-01 5.5659681444829179e-01 4.2521875231769807e-01 9.6226188399002976e-01 6.1593066789951667e-01 1.9605396510849427e-01 6.9035860835125606e-01 6.0393040608797710e-01 8.4746248081673980e-01 7.2506640233335384e-01 7.4930786096924351e-01 
1.7964687439596599e-01 9.2338229572557953e-02 8.9759779344200985e-01 2.2871875261362584e-01 7.6489498967532765e-01 4.5306061974403478e-01 6.4393575938601777e-01 1.8368914685383864e-01 2.8576016905054458e-01 9.7933118277198228e-01 3.4927672769374996e-01 6.1662907228648156e-01 
8.1668627393277660e-01 8.8096320251047755e-01 1.4704192390062004e-01 8.0249533094581930e-03 6.7211580494051604e-01 3.3474044657067414e-01 2.4742894864055745e-01 5.9248836412676065e-01 4.2019788987012480e-01 4.3360725065395572e-01 7.4843746877668305e-01 5.3402090050932993e-01 
1.8347165416156486e-01 5.6257316310078520e-01 6.2364893063141448e-02 6.9420721321096979e-01 5.1885869843832155e-01 4.1149420217214815e-02 1.5831584909852400e-01 3.0628927578511150e-01 7.9998437119647137e-01 5.3782108870233458e-01 3.2899680795566960e-01 5.9677034178598332e-01 
5.8465296196967964e-01 6.6351390847168579e-01 7.7244667372314571e-02 3.2105698265184507e-01 6.6249278265167622e-01 6.8177937282332191e-01 4.0883074859568419e-01 6.3674976659787341e-01 9.2969592890222363e-01 1.6302032916015960e-01 6.3503689720995582e-01 5.9596025459280244e-01 
4.2215607660922971e-01 9.8144092829033780e-01 9.6372819783339658e-01 8.8898815581993584e-01 8.1915772884113613e-01 3.4276540034579367e-01 9.1954475358107346e-01 9.2722881069743490e-01 6.6762683851068227e-01 2.6095614315055131e-02 1.6863535818114661e-01 9.6762815116328571e-01 
2.5334184535469016e-02 9.6191044708802853e-01 2.4583654722470630e-01 2.5678037584609370e-01 5.8122359150146297e-01 7.3535663342818458e-01 6.7717454753684558e-01 3.4743869600232630e-01 9.5830022029499529e-01 8.4411036495310732e-01 1.2898117868647965e-01 1.3459143002265664e-01 
3.1625959431578388e-01 1.3944701344680369e-01 6.6189762934199425e-01 9.8457089112353091e-01 7.3973745048965212e-01 2.8363550095056905e-03 7.1323531247360419e-02 3.1852913895553403e-01 3.3852667703224659e-01 7.9977009622369433e-01 5.6473282564651817e-01 7.5898058421862336e-01 
6.1276193271054047e-02 2.2344224258486287e-01 3.8588427444262630e-01 8.7042908364461224e-01 7.8288592620887143e-01 2.3175355570006814e-01 7.3870248195654831e-01 2.6999421057756723e-01 5.8717159162609445e-01 9.5332442501248993e-01 8.3626219669182889e-01 9.9372376547834085e-01 
8.3659017963176138e-02 2.1441710564047894e-01 2.7117073176017531e-01 2.1869082246846092e-01 8.2706013872616935e-01 9.9213700927427828e-01 2.5839813857264732e-01 8.2795328964849618e-02 6.3547476736617958e-01 1.9154906048977238e-01 8.7281398981474995e-02 9.7870179497576404e-01 
9.7679092035479420e-01 1.1985894298174369e-02 9.7815722412343942e-01 1.2401790410467325e-01 4.0163507936598503e-01 9.8740724613303654e-01 8.1106098173701247e-01 3.2136549396503972e-01 4.0985020827960700e-01 1.1829923471356707e-01 9.0325950267876476e-01 5.5875067997665639e-01 
9.7805828506967907e-01 8.6839055822621591e-01 4.4716046771368034e-01 9.3871325763813837e-02 1.6877020018583638e-01 1.0218263934468041e-01 5.2158840769975834e-01 5.0174776674329669e-01 3.2587407311698147e-01 2.2331863559005719e-01 4.2343378785226204e-01 9.4704819049083078e-01 
];
taui = [
0.000000e+00
0.000000e+00
0.000000e+00
0.000000e+00
0.000000e+00
0.000000e+00
0.000000e+00
0.000000e+00
0.000000e+00
0.000000e+00
0.000000e+00
0.000000e+00

];
pi = [
0
1
2
3
4
5
6
7
8
9
10
11
];
% Just before computing factorization.
Ai = [
-1.9357655980782928e+00 -1.4253511164742247e+00 -1.5681326079736850e+00 -1.2954200708668733e+00 -1.2397039188752306e+00 ;
-2.0915991080178556e-01 -3.6635565887316296e-01 4.6108562239368434e-02 -5.9638291608282890e-01 -9.9723127995845440e-01 ;
4.1960457783525806e-01 2.5904623384444453e-01 -2.4723051471760960e-02 3.6490816788236935e-01 -2.2632863030573136e-01 ;
-1.8581545208247308e-01 4.8878676189200276e-02 -2.9442249388784181e-01 -1.3011082409341218e-01 -4.6234815813986468e-01 ;
6.0994580835176004e-01 5.6422286339817329e-02 -3.2829062375505164e-01 2.7984582621017984e-01 4.8794848893777776e-01 ;
4.7312725391268307e-01 -3.3001875595234632e-02 6.0342643150677944e-01 2.2774670503417935e-01 4.5840814701328164e-01 ;
6.4833119127171701e-01 4.9364216667003669e-01 9.4839562901995383e-02 4.2086883345416071e-01 3.9732412170932596e-01 ;
-1.7434490618952858e-01 -1.5296652767760072e-01 2.5431734925754179e-01 5.1422940672496142e-01 2.9789331985874745e-01 ;
3.1800347718118127e-01 6.3108879250689398e-01 1.2109917276426155e-01 2.6941445217173549e-01 8.1915190199432908e-01 ;
6.0518687854495434e-02 -3.4472794508483462e-01 5.4029463322159010e-01 2.6143834766395146e-02 -3.4012104480024197e-01 ;
3.7227166651643029e-01 6.2291365983118491e-02 6.5060584588276593e-01 1.4038366537098007e-01 -8.8981041111450832e-03 ;
5.4333653807664073e-01 8.6211333068725038e-01 5.1291205569089643e-02 -2.1757230465080823e-02 3.5563928513538373e-02 ;
-5.4157020544937384e-01 3.3652395021919912e-01 -6.9470607952853536e-01 -2.7976535052123869e-01 -8.9223769936344022e-01 ;
-1.9923583996920552e-01 -3.3857101262481526e-01 -4.4961019647637890e-01 5.0567420705365573e-02 2.5103137366169759e-01 ;
];
p3 = [
2
0
8
6
1
5
11
3
4
9
10
7
];
G3 = [
1.4926753350582627e+00 -2.4798676287943697e-01 2.4865394290583737e-01 1.3049259576421588e+00 -7.5234140808188810e-01 6.7217932353606957e-01 ;
-1.2310476184263870e+00 1.2980344875863568e+00 5.1176171974657869e-01 4.4346060831196388e-01 1.2098362941706373e+00 -4.1564703700390870e-01 ;
];
