% block size was 250 
 
n_cpqr_ooc = [ 
1000 2000 4000 10000 20000 ]; 
 
t_cpqr_single = [ 
7.16e-02 2.36e-01 1.34e+00 1.66e+01 1.21e+02 ]; 
 
t_cpqr_multi = [ 
4.92e-02 2.35e-01 1.35e+00 1.71e+01 1.29e+02 ]; 
 
