% the ROWS of the matrix t_rutv_gpu correspond to the values of q in ascending order (i.e. 1st row is q=1) 
 
 n_rutv_gpu = [ 
2000 3000 4000 5000 6000 8000 10000 12000 15000 ]; 
 
t_rutv_gpu = [ 
3.04e-01 7.23e-01 1.19e+00 2.15e+00 3.39e+00 7.40e+00 1.38e+01 2.23e+01 4.25e+01 ; 
4.27e-01 1.17e+00 1.90e+00 3.48e+00 5.58e+00 1.24e+01 2.33e+01 3.77e+01 7.26e+01 ; 
]; 
